#SPY	QQQ	XLF	XLE	XLV	XLP	XLRE	VIG	AGG	GLD
2.723249206542968750e+02	1.842862548828125000e+02	2.525594520568847656e+01	4.754708862304687500e+01	8.261342620849609375e+01	5.107404327392578125e+01	3.086796379089355469e+01	1.056130523681640625e+02	9.491239929199218750e+01	1.332100067138671875e+02
2.677652587890625000e+02	1.807856140136718750e+02	2.406690025329589844e+01	4.358862686157226562e+01	8.212396240234375000e+01	5.218267440795898438e+01	3.235317993164062500e+01	1.062320480346679688e+02	9.754643249511718750e+01	1.437500000000000000e+02
2.717205505371093750e+02	1.820778656005859375e+02	2.503243446350097656e+01	4.489294815063476562e+01	8.169793701171875000e+01	5.278425216674804688e+01	3.246045684814453125e+01	1.072726821899414062e+02	9.695245361328125000e+01	1.388699951171875000e+02
2.790093994140625000e+02	1.904362640380859375e+02	2.578905868530273438e+01	4.435459899902343750e+01	8.624243164062500000e+01	5.287178039550781250e+01	3.266945648193359375e+01	1.077961044311523438e+02	9.715920257568359375e+01	1.424299926757812500e+02
2.891091308593750000e+02	1.981858978271484375e+02	2.709198760986328125e+01	4.506630325317382812e+01	9.055681610107421875e+01	5.359793853759765625e+01	3.210460281372070312e+01	1.104367065429687500e+02	9.712903594970703125e+01	1.378600006103515625e+02
2.960537414550781250e+02	2.054426879882812500e+02	2.765808677673339844e+01	4.594635009765625000e+01	9.271401977539062500e+01	5.444512939453125000e+01	3.212121963500976562e+01	1.123473052978515625e+02	9.692229461669921875e+01	1.428999938964843750e+02
2.973891906738281250e+02	2.121438903808593750e+02	2.705830764770507812e+01	4.252957153320312500e+01	9.120172882080078125e+01	5.506542587280273438e+01	3.294104385375976562e+01	1.135350189208984375e+02	9.927367401123046875e+01	1.493300018310546875e+02
2.738460693359375000e+02	1.992934265136718750e+02	2.401470184326171875e+01	3.602756881713867188e+01	8.519458770751953125e+01	5.054200363159179688e+01	3.089220428466796875e+01	1.040624389648437500e+02	1.006331253051757812e+02	1.483800048828125000e+02
2.382496185302734375e+02	1.843803253173828125e+02	1.880353546142578125e+01	2.312704467773437500e+01	8.148727416992187500e+01	4.747409439086914062e+01	2.603039360046386719e+01	9.362993621826171875e+01	1.001092529296875000e+02	1.480500030517578125e+02
2.700822448730468750e+02	2.124407196044921875e+02	2.075727272033691406e+01	3.091853904724121094e+01	9.218976593017578125e+01	5.106812667846679688e+01	2.869571113586425781e+01	1.033728408813476562e+02	1.018198242187500000e+02	1.588000030517578125e+02
2.829504699707031250e+02	2.264636840820312500e+02	2.132196998596191406e+01	3.153691673278808594e+01	9.522176361083984375e+01	5.191839218139648438e+01	2.931328582763671875e+01	1.070946350097656250e+02	1.025193099975585938e+02	1.629100036621093750e+02
2.867066345214843750e+02	2.402828521728515625e+02	2.107605361938476562e+01	3.079650497436523438e+01	9.250403594970703125e+01	5.140122222900390625e+01	2.944863700866699219e+01	1.066305541992187500e+02	1.032152938842773438e+02	1.673699951171875000e+02
3.049275207519531250e+02	2.583838806152343750e+02	2.202628517150878906e+01	2.969159317016601562e+01	9.796448516845703125e+01	5.538832092285156250e+01	3.091139984130859375e+01	1.125262680053710938e+02	1.045843200683593750e+02	1.854299926757812500e+02
3.262104187011718750e+02	2.866632690429687500e+02	2.297039794921875000e+01	2.937844657897949219e+01	1.004987716674804688e+02	5.793247604370117188e+01	3.090288543701171875e+01	1.194602127075195312e+02	1.037390747070312500e+02	1.848300018310546875e+02
3.127439880371093750e+02	2.700979919433593750e+02	2.206294822692871094e+01	2.468118858337402344e+01	9.791808319091796875e+01	5.662506103515625000e+01	3.006743812561035156e+01	1.176947402954101562e+02	1.036468124389648438e+02	1.771199951171875000e+02
3.061668701171875000e+02	2.618737792968750000e+02	2.199075126647949219e+01	2.405694389343261719e+01	9.474717712402343750e+01	5.532712936401367188e+01	2.928787994384765625e+01	1.155239410400390625e+02	1.030615921020507812e+02	1.761999969482421875e+02
3.394707946777343750e+02	2.912712097167968750e+02	2.569581413269042969e+01	3.079154968261718750e+01	1.022777481079101562e+02	5.945934295654296875e+01	3.130330276489257812e+01	1.271185836791992188e+02	1.043129119873046875e+02	1.666699981689453125e+02
3.505533142089843750e+02	3.049976806640625000e+02	2.717046928405761719e+01	3.174645423889160156e+01	1.057261734008789062e+02	5.993920516967773438e+01	3.135476303100585938e+01	1.297003479003906250e+02	1.042811355590820312e+02	1.783600006103515625e+02
3.484600524902343750e+02	3.063492431640625000e+02	2.682510566711425781e+01	3.337640762329101562e+01	1.076500625610351562e+02	5.743017959594726562e+01	3.193466567993164062e+01	1.265121459960937500e+02	1.037950134277343750e+02	1.726100006103515625e+02
3.581492004394531250e+02	3.059402160644531250e+02	2.993848609924316406e+01	4.087166976928710938e+01	1.053853225708007812e+02	5.672227096557617188e+01	3.243853759765625000e+01	1.285060882568359375e+02	1.020519638061523438e+02	1.618099975585937500e+02
3.731865539550781250e+02	3.107998657226562500e+02	3.155077552795410156e+01	4.164410018920898438e+01	1.092503585815429688e+02	6.121164703369140625e+01	3.430631256103515625e+01	1.357709350585937500e+02	1.008810424804687500e+02	1.599600067138671875e+02
3.942190246582031250e+02	3.295832824707031250e+02	3.374747467041015625e+01	4.236905288696289062e+01	1.139399642944335938e+02	6.268682479858398438e+01	3.752674865722656250e+01	1.417496337890625000e+02	1.016333999633789062e+02	1.656600036621093750e+02
3.968074951171875000e+02	3.256243286132812500e+02	3.535760116577148438e+01	4.478816986083984375e+01	1.160717086791992188e+02	6.379498291015625000e+01	3.795667648315429688e+01	1.442416381835937500e+02	1.018405456542968750e+02	1.783800048828125000e+02
4.043838500976562500e+02	3.456143798828125000e+02	3.414768218994140625e+01	4.621219635009765625e+01	1.182785720825195312e+02	6.303820037841796875e+01	3.889551544189453125e+01	1.433986053466796875e+02	1.026891555786132812e+02	1.656300048828125000e+02
4.156111450195312500e+02	3.559145507812500000e+02	3.412409973144531250e+01	4.280206298828125000e+01	1.245852203369140625e+02	6.484410095214843750e+01	4.095751190185546875e+01	1.486326904296875000e+02	1.038467178344726562e+02	1.698200073242187500e+02
4.279797058105468750e+02	3.709294738769531250e+02	3.588077163696289062e+01	4.194410705566406250e+01	1.274700622558593750e+02	6.552416992187500000e+01	4.210552597045898438e+01	1.511173553466796875e+02	1.036301879882812500e+02	1.696900024414062500e+02
4.067304382324218750e+02	3.494615783691406250e+02	3.506783676147460938e+01	4.514190292358398438e+01	1.200128555297851562e+02	6.242298507690429688e+01	3.925317001342773438e+01	1.429375457763671875e+02	1.026791992187500000e+02	1.642200012207031250e+02
4.366625671386718750e+02	3.773610839843750000e+02	3.778159332275390625e+01	5.040937423706054688e+01	1.266041717529296875e+02	6.501100158691406250e+01	4.246572494506835938e+01	1.535266876220703125e+02	1.026569900512695312e+02	1.666499938964843750e+02
4.331540832519531250e+02	3.848963928222656250e+02	3.562318801879882812e+01	4.788319778442382812e+01	1.227346878051757812e+02	6.413507080078125000e+01	4.208387756347656250e+01	1.514142303466796875e+02	1.029347457885742188e+02	1.655000000000000000e+02
4.515999450683593750e+02	3.888350830078125000e+02	3.664609146118164062e+01	4.868139266967773438e+01	1.332929534912109375e+02	7.035786437988281250e+01	4.600899124145507812e+01	1.605370025634765625e+02	1.024768447875976562e+02	1.709600067138671875e+02
4.292848815917968750e+02	3.552767944335937500e+02	3.683108901977539062e+01	5.856990814208984375e+01	1.246309509277343750e+02	6.979289245605468750e+01	4.239950942993164062e+01	1.527275848388671875e+02	1.006737213134765625e+02	1.680899963378906250e+02
4.166136779785156250e+02	3.393747558593750000e+02	3.632190322875976562e+01	6.271031570434570312e+01	1.234248428344726562e+02	6.880988311767578125e+01	4.036641693115234375e+01	1.484455108642578125e+02	9.937702178955078125e+01	1.783800048828125000e+02
4.309356079101562500e+02	3.547777709960937500e+02	3.613331222534179688e+01	6.791693878173828125e+01	1.301013336181640625e+02	6.971939849853515625e+01	4.327724075317382812e+01	1.522768554687500000e+02	9.658052825927734375e+01	1.806499938964843750e+02
3.943340454101562500e+02	3.069220581054687500e+02	3.266804504394531250e+01	6.740947723388671875e+01	1.241242141723632812e+02	7.165062713623046875e+01	4.197582244873046875e+01	1.451054077148437500e+02	9.290151977539062500e+01	1.769100036621093750e+02
3.952241821289062500e+02	3.020524597167968750e+02	3.357680511474609375e+01	7.821828460693359375e+01	1.259723892211914062e+02	6.872517395019531250e+01	3.983198547363281250e+01	1.450016632080078125e+02	9.358324432373046875e+01	1.711399993896484375e+02
3.610740661621093750e+02	2.746180419921875000e+02	2.977137565612792969e+01	6.414437103271484375e+01	1.221712341308593750e+02	6.661183929443359375e+01	3.680540466308593750e+01	1.353065948486328125e+02	9.212634277343750000e+01	1.684600067138671875e+02
3.960278320312500000e+02	3.096815185546875000e+02	3.208085250854492188e+01	7.113148498535156250e+01	1.266668472290039062e+02	6.925981903076171875e+01	4.026151657104492188e+01	1.452298278808593750e+02	9.446157836914062500e+01	1.641000061035156250e+02
3.798690795898437500e+02	2.937880554199218750e+02	3.145275115966796875e+01	7.301817321777343750e+01	1.193576736450195312e+02	6.797672271728515625e+01	3.800054550170898438e+01	1.402156982421875000e+02	9.157933807373046875e+01	1.592700042724609375e+02
3.433414001464843750e+02	2.623645019531250000e+02	2.889274978637695312e+01	6.532630920410156250e+01	1.158657302856445312e+02	6.204468536376953125e+01	3.269772338867187500e+01	1.281116485595703125e+02	8.777420043945312500e+01	1.546699981689453125e+02
3.727716064453125000e+02	2.733490295410156250e+02	3.250791931152343750e+01	8.252527618408203125e+01	1.275079269409179688e+02	6.807265472412109375e+01	3.365510177612304688e+01	1.415645141601562500e+02	8.663773345947265625e+01	1.519100036621093750e+02
3.934945373535156250e+02	2.885038757324218750e+02	3.473697280883789062e+01	8.357976531982421875e+01	1.335303039550781250e+02	7.223712921142578125e+01	3.595497131347656250e+01	1.511183319091796875e+02	8.992956542968750000e+01	1.648099975585937500e+02
3.691231689453125000e+02	2.618721618652343750e+02	3.271838378906250000e+01	8.020539855957031250e+01	1.304855194091796875e+02	6.976652526855468750e+01	3.383835601806640625e+01	1.446411895751953125e+02	8.894256591796875000e+01	1.696399993896484375e+02
3.941379699707031250e+02	2.904367065429687500e+02	3.519546890258789062e+01	8.331037902832031250e+01	1.286214752197265625e+02	6.950335693359375000e+01	3.761423492431640625e+01	1.497022705078125000e+02	9.232565307617187500e+01	1.794100036621093750e+02
3.842283020019531250e+02	2.893916931152343750e+02	3.438681030273437500e+01	7.752971649169921875e+01	1.226514282226562500e+02	6.789159393310546875e+01	3.540871810913085938e+01	1.456018676757812500e+02	8.964490509033203125e+01	1.697799987792968750e+02
3.969596252441406250e+02	3.163730773925781250e+02	3.095006179809570312e+01	7.673300933837890625e+01	1.248600769042968750e+02	7.041761016845703125e+01	3.463956832885742188e+01	1.475466918945312500e+02	9.201631164550781250e+01	1.832200012207031250e+02
4.048402099609375000e+02	3.184722900390625000e+02	3.209046936035156250e+01	7.968677520751953125e+01	1.292877807617187500e+02	7.334166717529296875e+01	3.523138809204101562e+01	1.517208404541015625e+02	9.253435516357421875e+01	1.848000030517578125e+02
4.067090454101562500e+02	3.435800170898437500e+02	3.072636222839355469e+01	7.169281768798828125e+01	1.237688522338867188e+02	6.882410430908203125e+01	3.363547897338867188e+01	1.475611877441406250e+02	9.147895050048828125e+01	1.823200073242187500e+02
4.314609680175781250e+02	3.647384338378906250e+02	3.261289596557617188e+01	7.597997283935546875e+01	1.285131988525390625e+02	7.024472808837890625e+01	3.517539596557617188e+01	1.564004211425781250e+02	9.113056945800781250e+01	1.782700042724609375e+02
4.472393188476562500e+02	3.793372802734375000e+02	3.433354187011718750e+01	8.260778045654296875e+01	1.304227447509765625e+02	7.225006103515625000e+01	3.598478317260742188e+01	1.608543090820312500e+02	9.111786651611328125e+01	1.823500061035156250e+02
4.399707641601562500e+02	3.737117004394531250e+02	3.341033172607421875e+01	8.396755981445312500e+01	1.295088653564453125e+02	6.939820098876953125e+01	3.488235473632812500e+01	1.578065490722656250e+02	9.053265380859375000e+01	1.800200042724609375e+02
4.176279296875000000e+02	3.542149353027343750e+02	3.223445892333984375e+01	8.535569763183593750e+01	1.251630554199218750e+02	6.563071441650390625e+01	3.210269165039062500e+01	1.503370971679687500e+02	8.819064331054687500e+01	1.714499969482421875e+02
4.100028991699218750e+02	3.474008483886718750e+02	3.158788490295410156e+01	8.103895568847656250e+01	1.215764007568359375e+02	6.516324615478515625e+01	3.143736648559570312e+01	1.488661804199218750e+02	8.680136108398437500e+01	1.840899963378906250e+02
4.474541015625000000e+02	3.849855041503906250e+02	3.504341506958007812e+01	8.045866394042968750e+01	1.281852874755859375e+02	6.785198211669921875e+01	3.535990905761718750e+01	1.599800872802734375e+02	9.076372528076171875e+01	1.887500000000000000e+02
4.659934997558593750e+02	4.054709472656250000e+02	3.670285034179687500e+01	7.975471496582031250e+01	1.331346435546875000e+02	6.916752624511718750e+01	3.804775619506835938e+01	1.656877746582031250e+02	9.386463928222656250e+01	1.911699981689453125e+02
4.753345031738281250e+02	4.138895263671875000e+02	3.802248764038085938e+01	8.010779571533203125e+01	1.376530303955078125e+02	7.055298614501953125e+01	3.659991836547851562e+01	1.686357421875000000e+02	9.426042938232421875e+01	1.884499969482421875e+02
5.001407165527343750e+02	4.357567749023437500e+02	3.957242202758789062e+01	8.272970581054687500e+01	1.420067749023437500e+02	7.203332519531250000e+01	3.754059219360351562e+01	1.743941192626953125e+02	9.259587860107421875e+01	1.893099975585937500e+02
5.148964843750000000e+02	4.407297668457031250e+02	4.131855392456054688e+01	9.067231750488281250e+01	1.448602294921875000e+02	7.388133239746093750e+01	3.794373703002929688e+01	1.785296020507812500e+02	9.343331909179687500e+01	2.057200012207031250e+02
4.956713256835937500e+02	4.220104980468750000e+02	3.974111175537109375e+01	9.054338836669921875e+01	1.381008758544921875e+02	7.358705139160156250e+01	3.497426986694335938e+01	1.718804321289062500e+02	9.111570739746093750e+01	2.118699951171875000e+02
5.207422485351562500e+02	4.479718017578125000e+02	4.100148010253906250e+01	9.023358154296875000e+01	1.414173583984375000e+02	7.538042449951171875e+01	3.677178955078125000e+01	1.776042022705078125e+02	9.262422943115234375e+01	2.153000030517578125e+02
5.373804321289062500e+02	4.761992492675781250e+02	4.047961044311523438e+01	8.824882507324218750e+01	1.434347686767578125e+02	7.463968658447265625e+01	3.711969757080078125e+01	1.792241668701171875e+02	9.344149780273437500e+01	2.150099945068359375e+02
5.456423339843750000e+02	4.689523010253906250e+02	4.323981475830078125e+01	9.096796417236328125e+01	1.478301391601562500e+02	7.645036315917968750e+01	4.021071243286132812e+01	1.872486724853515625e+02	9.570468902587890625e+01	2.265500030517578125e+02
5.583914794921875000e+02	4.741289062500000000e+02	4.521694183349609375e+01	8.908438110351562500e+01	1.553090820312500000e+02	8.102658843994140625e+01	4.251460266113281250e+01	1.934643096923828125e+02	9.710663604736328125e+01	2.312899932861328125e+02
5.683770141601562500e+02	4.858758850097656250e+02	4.480174255371093750e+01	8.568809509277343750e+01	1.521673278808593750e+02	8.150777435302734375e+01	4.360797500610351562e+01	1.954079284667968750e+02	9.839646148681640625e+01	2.430599975585937500e+02
5.650328979492187500e+02	4.823517456054687500e+02	4.611512374877929688e+01	8.717308807373046875e+01	1.456445312500000000e+02	7.909766387939453125e+01	4.246853256225585938e+01	1.924006500244140625e+02	9.562733459472656250e+01	2.535099945068359375e+02
5.987277221679687500e+02	5.081615295410156250e+02	5.093696975708007812e+01	9.400209045410156250e+01	1.461800231933593750e+02	8.215811157226562500e+01	4.423805236816406250e+01	2.027939910888671875e+02	9.667827606201171875e+01	2.455899963378906250e+02
5.823621826171875000e+02	5.096469726562500000e+02	4.795059967041015625e+01	8.428996276855468750e+01	1.364221343994140625e+02	7.760692596435546875e+01	3.998136901855468750e+01	1.940255432128906250e+02	9.473513793945312500e+01	2.421300048828125000e+02
6.000150146484375000e+02	5.215122680664062500e+02	5.128372573852539062e+01	8.696176147460937500e+01	1.463039550781250000e+02	7.856385040283203125e+01	4.115657043457031250e+01	2.012501678466796875e+02	9.583338928222656250e+01	2.585599975585937500e+02
5.923979492187500000e+02	5.074133300781250000e+02	5.199115753173828125e+01	9.029576110839843750e+01	1.483560180664062500e+02	8.264224243164062500e+01	4.287557220458984375e+01	2.021557922363281250e+02	9.765364074707031250e+01	2.632699890136718750e+02
5.577122802734375000e+02	4.682217712402343750e+02	4.962973403930664062e+01	9.272679901123046875e+01	1.454472656250000000e+02	8.123966979980468750e+01	4.158383560180664062e+01	1.930596313476562500e+02	9.765177917480468750e+01	2.881400146484375000e+02
5.545399780273437500e+02	4.754700012207031250e+02	4.875999832153320312e+01	8.050000000000000000e+01	1.404700012207031250e+02	8.183000183105468750e+01	4.129999923706054688e+01	1.910299987792968750e+02	9.805081939697265625e+01	3.037699890136718750e+02
5.893900146484375000e+02	5.191099853515625000e+02	5.095999908447265625e+01	8.152999877929687500e+01	1.326399993896484375e+02	8.283000183105468750e+01	4.172999954223632812e+01	1.979299926757812500e+02	9.746002960205078125e+01	3.036000061035156250e+02
5.991400146484375000e+02	5.299199829101562500e+02	5.127999877929687500e+01	8.341000366210937500e+01	1.343800048828125000e+02	8.169000244140625000e+01	4.188000106811523438e+01	2.004499969482421875e+02	9.727999877929687500e+01	3.051799926757812500e+02
